-5551 -9683 -5119 204
-6218 -3855 2159 153
-4424 -1623 -3042 204
8378 -7029 -6895 198
5950 3167 2331 25
-8919 4052 6626 153
-3386 -109 -3798 76
2129 -1051 -8608 0
-4452 9616 -7414 229
9808 -7790 -7165 85
3191 6446 8799 25
-6136 -3915 460 178
8924 -7137 9437 25
-7044 -9544 6025 229
-1775 9866 8162 204
7576 -3437 -7626 229
-5941 -5581 2920 76
7277 -3110 9611 153
-8771 777 -4960 153
2910 -8259 2859 153
-3164 1370 -6856 0
-7849 3285 3843 51
7179 -4006 -3732 76
3685 3657 -923 153
8972 -4361 3052 102
-8024 5643 -1724 102
-5319 -9135 1299 102
-9294 7030 6170 153
-4005 4911 -346 25
7037 -3933 -7088 255
-2256 -5610 -7531 76
-3780 -1981 -3096 178
-2299 5205 988 229
-7157 3361 610 153
-7666 8224 -3611 153
-132 -1867 1584 51
-5186 -9023 -263 229
8000 -4058 9749 229
-1717 -660 5436 178
6583 2807 4374 204
-274 2858 2514 153
7390 1251 -3804 153
8103 9920 -3850 255
-8433 3833 -2621 127
-9126 5320 -896 102
-4461 2061 2823 204
-2010 -9194 160 127
-4694 -4042 -9708 178
-290 2207 -6169 127
247 2071 -2252 0
-7750 7036 -2500 255
-8697 -9037 1861 25
-8376 -675 -6416 0
-651 1954 9156 255
1943 4727 -9969 178
-5056 -7566 5650 25
4043 -9806 2501 255
-7220 6490 -6348 102
5102 -4497 -219 76
218 3396 3251 127
4601 -2945 5466 153
4696 5656 2896 204
-9636 4877 2090 102
-6937 1650 4128 51
-8808 -4947 -3933 76
-1209 6587 8689 204
4714 2728 -5220 178
-916 -8849 1479 255
-2864 6250 2024 102
4959 -6848 9779 102
-7308 6409 7603 153
-2279 -4251 1197 204
189 7637 1364 255
-3843 -1153 6512 0
759 -4771 3316 229
2361 1656 9969 76
5831 8259 3548 153
3797 1549 6761 229
2971 4425 591 153
306 9871 5592 255
-9269 -6361 8719 255
4721 -5673 -9669 255
5004 -4046 -9505 51
-6425 1553 3025 76
-864 3599 7400 204
6166 3005 -831 0
3036 -3220 -4162 0
2476 5259 7632 153
-2774 3406 -9078 127
5885 -1325 -9037 51
-6571 8411 -5080 102
529 6244 -1876 153
-635 2048 8838 204
-6478 9215 -8470 178
8936 2192 4435 25
5481 -4006 3226 204
8759 -6243 6279 102
-6306 7784 6702 229
-1444 -3773 -1905 127
7770 -5562 9900 178
-4637 1240 -7506 178
2419 4009 8377 204
1805 1687 4120 76
-5287 -1726 1678 102
-3125 -8402 -7673 178
-3944 9983 -9727 0
8742 5190 -8229 102
-9281 -5651 -94 25
-2807 -2796 -9414 204
4230 430 -1628 178
-5760 -5599 -1912 178
4095 -4414 6440 102
-2372 3717 3016 255
3738 -3499 6133 178
3081 890 6036 76
9948 5045 8835 204
2753 5735 -863 204
-1105 5726 280 229
-4341 -7841 -6902 204
971 -5764 -5387 229
8453 9748 -4321 0
4911 -925 -2619 25
4696 -3919 -3488 178
5778 -5431 -6916 25
5864 9904 3657 178
2600 9217 -8744 229
4933 9819 8521 51
657 -5374 262 178
-7758 6615 -4289 229
-2661 -3328 -235 127
2856 -9665 -1694 153
7863 4426 3409 153
2708 9277 -4982 178
-8239 7636 -9183 229
1099 -5858 7723 153
9512 7809 -2341 25
1867 -8522 1339 255
3180 -5244 -2723 76
-4603 5658 2527 25
-5711 2264 -9333 51
-4961 -4098 -9606 127
-4575 2696 8117 153
-298 3676 7838 102
-8229 4519 4709 178
-3318 -8321 3700 51
6364 -4331 -2245 0
-498 -3863 9876 127
-5983 -9875 6270 127
-4850 6550 -7549 198
-6301 -4184 -3891 102
3139 6469 140 153
-2876 8968 9436 178
2534 -1011 -1402 127
1969 1342 -7107 229
765 -9336 656 0
6042 -3672 4747 76
-846 7228 -9548 102
-7572 -208 5513 25
5748 -8685 5873 178
7233 -3252 -3674 25
4666 -1368 -7778 76
-1306 1955 7514 0
-6891 -7216 1589 127
1010 -6050 -246 76
500 -8448 -6504 0
-82 9785 -5879 127
5284 -8362 942 76
-2247 6965 -4046 204
8332 -2163 3054 153
2212 8138 -3116 25
-3683 6794 -3477 255
3958 -6674 -5181 255
674 9191 -9900 25
8281 -5263 946 76
270 -8202 -5590 51
9903 1421 -5557 127
7560 -7178 -1708 76
-5732 8364 -7408 25
1719 3583 6700 102
3084 -5078 2618 102
4295 1142 -6909 76
4321 -7276 -4259 25
5710 4681 6565 102
-943 -6353 -7234 178
1785 -7971 -4525 178
-6329 7531 5162 76
-3326 8637 953 255
-7470 4040 387 102
-7195 6016 4644 153
9445 -7859 3821 102
4154 -9462 -6584 204
411 1852 -2213 76
-8829 6387 943 204
5657 6524 -1250 255
8231 -4369 -3472 127
4196 -7696 7584 153
7259 6050 6088 178
-5034 -5353 -5847 25
9410 8667 -1233 204
-3830 9000 2574 0
7573 -9278 8319 51
9638 -8944 -749 127
4807 1527 4435 153
-8426 8506 -1458 178
7122 6401 8475 102
-1314 -663 851 76
5508 9410 7834 51
1036 5943 9435 178
-7346 6303 1004 0
9128 -7821 -4671 127
8073 4374 -5026 102
1725 -2749 -6910 178
2328 -3765 -6090 127
-1598 -7129 4567 127
-2265 1456 3462 0
5306 927 -9377 25
-6857 -4074 5731 76
4988 -6115 -7777 127
6875 -952 8819 0
-7574 -8398 -6033 178
531 -8287 -758 229
-1813 5287 -7023 76
-1300 5287 8589 255
5076 9239 -6362 76
6633 3388 -2534 25
-6283 727 7990 127
-9865 1982 1227 204
-7004 -8941 -252 229
9795 -745 -8075 102
-6512 -8467 5725 178
-5583 8196 -3740 25
-3168 -6335 9435 153
-6121 -8031 -7452 25
-3089 6849 4618 255
8870 -4872 3723 178
6137 -5513 -2060 204
8142 -2740 3672 255
1690 -1432 -3724 255
-284 5078 -6725 229
4986 5617 -2087 204
-1706 -6525 9118 255
1914 -5653 -2727 153
4362 8460 -2170 127
-2305 -4490 -6040 76
-4299 -5752 7850 51
-4304 4921 -1143 178
-2292 -2760 4636 153
8522 1157 5207 204
-3222 969 -4323 153
-4867 4423 5302 25
-1023 -2684 -9792 229
-3243 2887 145 229
3654 -7452 412 255
-3993 2174 -6632 102
2478 1908 -2837 204
3276 4572 -2095 51
4126 2090 7101 102
-3746 8026 -4449 153
629 6222 -3391 204
-9566 -7333 3803 127
4342 -3722 8845 0
-1352 -76 -3415 153
-9546 -642 -4689 51
5587 5894 -3532 102
-1597 3087 7301 51
4265 -2319 -9102 255
-8754 -1963 -9493 25
9840 -815 -9491 204
-8089 -713 8899 76
6623 1232 5289 76
1282 -87 1856 153
6681 9764 538 25
9708 5915 -7235 178
3910 -9999 -1432 76
-852 6326 -9420 178
9017 8986 8449 113
-4180 -1530 -7369 76
4673 -253 -4609 229
7003 1085 -5876 255
1802 9831 -3654 255
-968 6633 8521 25
1038 2497 4910 204
-203 5264 -883 229
-3274 1930 9265 51
1072 -3275 -9875 204
-6642 -9442 -8530 127
-4781 -8325 7989 102
8183 -5524 5265 255
-4853 -7591 -6470 0
-7603 -9040 -4181 178
2131 -5691 8130 0
-8241 5270 -6 25
-4371 -6763 -8518 229
31 -6071 1385 0
8519 -229 -2793 25
-358 -4155 2000 127
96 -9725 2741 25
-5138 1617 3245 102
663 -5909 -1416 0
4402 5243 -9139 25
2082 1066 -5350 102
-121 3432 -8095 0
-802 5868 -9132 76
-9513 8168 -405 25
8304 1454 3165 25
-6581 -9726 -2419 76
6133 6527 2918 0
7036 -2659 2200 102
9221 -5882 -6013 51
-9604 -533 -4824 76
3923 3952 8320 229
4403 5087 1160 127
-582 -8849 -5826 102
-7878 -2395 9974 127
-6758 -9943 8295 153
-8139 -5668 -8471 178
-5804 -1498 1529 25
-1466 648 -9611 229
-9578 -2772 -5478 204
6430 8442 -5911 178
-1487 7463 -4926 76
-3584 -2801 -7479 102
-762 -6201 -6761 153
-9946 1751 733 153
271 6252 4141 51
8138 151 -3853 204
6113 -5721 -1276 178
7854 -9341 2755 178
-3416 -1698 6585 178
9743 -1492 -2385 178
-9244 -9311 8468 0
5296 207 -4484 0
-7091 -2835 -4183 28
-747 -786 8776 102
-4183 -2793 -1876 51
-4947 -3143 8933 51
-5728 -2400 4929 229
9830 -8854 -1034 229
-3360 -870 3119 229
4536 2857 -4147 153
1654 -3718 -1268 102
-6956 -7898 6998 76
-7918 7431 6425 204
-2698 -7616 -8139 0
5402 -4351 1377 153
1777 4347 2728 76
6904 -8958 -4397 102
-7411 7223 7087 102
-7978 -6863 -158 76
2461 3993 -2258 229
-378 -6478 2640 255
6871 5759 -8203 102
-2470 2975 8286 25
68 8096 -8399 102
8661 -1304 -7267 25
-9306 4958 8996 76
6652 -7786 -8102 102
-2501 1321 -9679 204
-1847 4378 -8072 255
-2486 -977 -6415 229
-15 -3244 -8146 76
684 5963 -6445 0
5276 4646 -4265 229
-7476 4972 5491 204
-4901 2483 -9805 204
-5602 7123 -9056 255
-3982 -5536 -659 255
1660 -2950 -4313 127
6317 -2468 -4740 255
-6842 5558 -3397 0
8840 -3450 -9182 153
-463 762 -9897 255
4211 923 -9666 127
-4756 -2032 8506 127
557 2217 -4878 229
3738 7308 2308 255
-3372 -1401 -2829 25
-8150 -4728 -4024 51
-4450 -325 3974 153
-2397 9050 -5557 127
791 -9838 -187 178
-6039 -3916 5588 25
4996 -9409 8580 255
-9299 3649 -9134 255
-9576 -2854 -9345 204
-9553 2486 5133 204
-9309 9331 7881 204
-5629 -1408 -5130 76
2491 -7789 7990 229
-5033 2427 4046 178
9005 -1044 -8996 229
-9073 4801 -7751 25
1391 -8506 -7689 255
-5613 -3886 7710 0
6677 7680 -4882 102
4001 9005 9062 229
-2167 -9767 1700 178
6240 -9318 6518 153
-158 9706 7257 25
182 -1213 7415 25
-8405 6002 8501 51
1375 747 -600 229
9264 -8455 2354 153
-833 8955 -6129 178
-7127 -1896 1872 255
2775 9934 1329 204
-6129 4266 -3134 25
-2501 4053 -9608 51
7107 -4775 -6224 51
-7320 -7431 -755 153
-1387 -6206 -8179 204
3376 -6024 1191 178
-4398 9298 864 102
-7500 5780 -7720 127
3059 7394 -711 204
-6107 3607 7845 255
8031 -2506 1692 204
2900 5922 1169 204
25 7487 -2437 127
727 -7888 1992 127
4754 -3627 9677 25
1350 -5429 -7299 0
-7147 4735 4311 25
2003 8865 1412 25
-2900 -1587 -877 28
6554 4451 -5936 255
-7209 1219 -8862 25
2863 -3389 9336 153
-4670 6040 5919 51
-8720 626 -4860 204
500 9715 -2230 229
8509 -3468 -7778 153
-8465 -7780 4014 102
2088 2550 -7546 51
-4837 -7842 8120 229
5667 -9097 -8410 127
-9136 -5419 8005 127
6424 7868 -7114 0
3253 -4079 3727 153
-3435 -1960 -5455 25
815 -4319 -5850 127
7064 -6663 -1455 127
3659 -7312 -2372 0
-3919 502 5376 76
4657 3236 4660 25
-7082 -1828 -8761 76
-1486 -3330 5335 0
6428 -3126 5519 153
-3556 -2831 5455 25
-9474 -4371 -9756 204
6291 3788 -265 229
-9648 -7115 -7185 153
-817 -7495 -2707 0
-1516 3202 -7791 25
-4792 3220 8256 178
-563 5719 4411 51
-1117 9204 -2391 0
-4874 3164 1229 255
-5082 -5068 7429 178
9992 -4565 9887 102
3326 9725 98 178
-4377 -5114 3247 51
-8186 -9277 6368 25
8868 55 -2675 0
9506 -5698 6541 229
2810 8636 9199 153
4695 3611 1279 76
4455 -2897 5037 25
9712 6354 -6103 204
-2413 4013 1878 51
-3011 -1916 -2362 255
4356 -3887 715 229
53 -8966 2215 153
6179 -6307 -6116 25
-2906 8520 -5878 76
-7709 -3187 -573 76
-2453 9444 4041 76
6032 6946 9516 102
-3298 7937 -742 153
-2050 -5742 -7659 204
-6870 -9448 -4296 255
-8140 -588 -984 0
-190 -9071 -2479 102
7494 -7933 -7006 226
-2928 -3978 6582 102
3906 -8692 8698 76
-9170 -392 8691 229
-3147 4881 -1468 153
2865 -3665 3170 153
-9101 -1056 -9626 153
-992 -1677 6813 102
-3404 -3751 6792 102
8184 5036 -3447 178
-6830 389 7899 178
-2235 7173 -452 25
-5217 -8905 -6381 51
-8840 6465 3933 255
6581 -9487 -3532 229
1024 2262 -2662 102
3820 -2183 3178 229
3394 3681 -4917 25
7504 9032 -1501 153
4079 -8356 4064 102
6877 -4024 -8705 76
6740 -936 -7243 255
-3094 -7021 8497 204
-138 -9927 -1252 51
9020 -6013 1537 0
359 5141 6883 25
35 2516 -7612 153
4985 -9989 -9085 76
-2487 -7364 73 102
-2099 -2272 -7325 127
3625 1514 1190 0
-6622 7815 -2088 102
6648 168 -85 102
-5336 -336 -3138 255
8025 6432 3089 25
9291 5317 4043 204
-8129 6220 4770 178
8742 -2040 -6387 102
9555 -2993 721 0
-1179 -1362 -191 0
8916 -3811 -4732 229
-4314 9627 9342 178
6548 3139 -9570 0
9467 2094 1316 204
4164 743 -8674 204
-8929 8556 -886 127
-9970 -8757 -5773 51
-2759 4977 3224 0
-7087 -2494 -5100 51
-4450 1334 3109 229
9933 1408 -2253 255
4270 -8397 3537 25
9207 2385 -7977 25
-1431 7070 8728 0
-757 345 -7579 153
907 -1753 -9316 25
7974 -951 203 178
5419 3412 4532 255
1798 -5222 -1776 255
-2456 9593 -3869 51
-7824 7025 3549 25
4354 5779 -7081 229
7358 -4441 -8627 102
-796 3251 -907 102
-7296 -1478 -1952 76
-2871 -2237 -3902 102
1108 -335 5540 153
-1748 9623 3029 229
-9238 -9040 94 153
-7636 -5950 -4334 127
-8687 5436 1052 204
-4706 3442 1379 178
-4674 -7569 1967 255
-8023 -3297 1860 178
7401 9352 -4881 204
-1090 5172 -5971 153
4317 5480 -6139 51
-3344 7960 7092 127
-2924 -5775 9338 127
7541 -859 -8000 0
4671 -3162 1742 204
-5984 -3078 -93 229
1192 -6028 -2079 229
730 9588 7037 102
6649 -1503 6262 76
450 -3970 3506 25
-6591 -48 7474 127
7615 9510 -1926 127
4268 9679 -7152 25
-3203 8723 1043 76
6453 4238 -5736 102
6608 -4937 -3477 255
-867 -3695 9778 0
5208 4790 -8425 51
3436 1780 205 102
1849 7945 -5455 229
67 -8918 -8113 204
4738 8766 -3034 0
2779 -5489 7503 204
3184 1830 -8186 255
2368 -1224 -7272 229
4993 3611 109 25
-8736 -3359 -8272 51
-1031 78 6265 204
1139 3803 -3669 204
-8826 5952 9190 127
5473 1880 -2807 76
-2196 -1975 -2204 178
-2667 -1506 3767 0
1333 1367 -8586 178
5502 948 -7885 25
-3432 -1319 -2999 76
-4633 4118 1665 127
-6024 -2303 -6054 229
4718 -6576 896 229
-8067 2502 4651 178
2658 -4347 5849 102
-8984 5644 -4311 178
-1811 5337 -3818 76
-7291 197 5411 229
4527 825 -6461 127
2048 -4595 230 25
-5858 58 9206 76
1637 -349 -2647 25
-1686 -7184 1169 25
-2069 6580 4875 153
1316 -1164 849 255
9781 -1595 -4433 76
9075 -1584 5713 229
-4440 2137 -8699 255
8432 667 -4665 178
-475 9844 4479 0
-8076 3527 -871 255
-8852 -3611 -3975 204
1175 -9989 6744 178
-5677 -4051 -9550 76
-4221 -445 3489 255
9147 8254 -6710 76
-1412 -1764 -6287 255
-6603 6459 -8584 85
4693 2467 -2750 229
-12 8866 8354 178
-984 2503 3254 127
1654 -5923 8336 229
2688 -1698 -8922 102
-8083 4771 -8436 153
4264 -693 9040 204
8892 -8142 -9194 229
2377 -4349 699 0
7693 3096 2046 204
2793 -5814 -565 178
9126 -6354 -5727 255
-9665 6062 -1176 76
-4106 -7316 -4431 76
5602 -9131 6616 102
3108 5844 9792 255
-6780 379 -2705 229
5669 -8046 -4323 51
8468 -4178 -4164 102
8412 7580 -2813 229
-6151 -1789 -4182 56
-8975 -9305 -991 0
-2502 -9453 -7673 102
9298 4817 -1019 51
-5229 -9598 790 102
-5877 6318 452 204
68 7294 -1140 76
-5145 2372 1339 0
-7733 -6401 1648 127
-1672 7895 -5746 0
8214 -8435 1206 229
-3456 -9454 3052 25
5982 2005 3285 0
-4618 -2819 -6920 204
-6688 9417 -7840 127
7446 3201 1135 127
5773 -7799 -3282 255
-8169 9146 757 229
-4898 2590 -1804 102
4877 -7122 -797 153
-1587 5068 1555 153
2590 -7643 -2543 204
-4541 4292 7259 127
-7036 -4157 -8672 127
-4568 -4517 -3946 76
-4185 3407 -9968 0
-8967 3703 4562 76
-2508 -5701 -5805 229
-6428 -4492 8092 204
4186 1417 9243 127
-6042 852 -1135 204
3855 -636 -2348 127
7514 -5778 4288 51
3405 7509 -67 76
1161 -9293 254 76
7602 -5034 -777 127
-5521 -1156 4141 25
-6460 8936 -3874 0
2165 -9605 -4448 76
-2566 -5960 9759 76
-336 7675 -3393 102
-6662 -4481 8271 76
-6987 9742 -2869 178
3696 4406 5365 76
1529 -8109 3140 204
2992 1571 -5330 51
3335 9577 -9973 178
2708 -3394 -6372 76
-1737 1871 -6090 76
-1867 890 -2486 0
-285 2889 -7545 127
1371 -9813 1848 51
-9761 -2895 4476 25
-7693 -8072 -4011 51
2757 8059 -6106 25
8325 -1744 -3845 127
-4899 1702 4071 51
2918 5408 -763 0
-976 4475 -3100 0
2699 -6008 1142 153
9773 -2348 -1247 255
-4212 -7997 6610 204
-2932 -9489 -3162 255
-5301 2842 6348 229
7278 -1799 2862 0
-6655 7717 2644 51
-6550 5999 3543 102
-3609 -5401 -9218 76
-9533 6178 1634 229
4017 7029 -5999 153
-1208 6288 6924 127
-5317 -97 3630 178
-3640 -8008 -7837 153
2405 5763 -5309 178
-7892 4723 8340 0
-1975 -7668 -4730 229
6280 -7701 6829 229
-3348 -5126 -9140 0
-1667 4045 -7063 178
6392 -740 2343 25
5281 -5598 3956 204
5873 5339 -2101 127
-2399 -5353 -2716 178
-20 -6982 -9063 51
3641 -3757 -2451 76
-2416 5661 -8886 178
-8151 -2242 1174 204
9637 2755 4482 76
5672 9699 -8331 255
6302 1183 3657 255
6572 1525 6699 127
6887 -1835 -2275 229
-3320 -7443 3828 153
8448 9406 -8902 127
-1952 7647 6323 51
5585 1472 4445 51
-6246 7341 5591 25
6610 2584 5511 127
5654 2632 3098 127
-6024 -159 7258 255
-6521 -6939 4266 229
-8921 -3084 107 25
-8126 3552 4079 255
-8575 9151 5748 0
-6547 -3781 3059 25
9069 647 -9325 255
-1579 5848 8468 178
-5057 5792 -8108 51
843 -1767 -3919 178
-9136 -2698 7653 178
5330 3780 2729 204
-36 9490 3675 153
-1349 -4728 -3083 229
7171 -6922 -3664 204
2124 -433 2467 76
-7589 9805 7072 127
5074 -7560 5676 0
4568 -1696 -5881 51
-2745 9442 -7568 178
-6387 -4262 -5016 178
-1053 7312 6161 178
3429 335 -4583 178
7279 2919 7860 51
336 9502 -5651 51
-4575 -4770 6930 255
3060 -4396 -5438 229
-9527 -8124 -5448 51
-7627 8588 -732 51
-905 45 -34 153
5842 7609 1252 127
-5936 9702 3794 178
-6082 5241 7315 51
3345 8764 39 0
7174 -1700 -6617 102
-9369 8904 -2878 229
7441 3323 9095 25
-4607 -1275 -6636 0
-1494 -2189 6490 51
-8449 9248 1837 255
-5874 3179 -104 127
-3704 6241 -4245 76
1807 1340 -3660 25
8160 2336 3541 76
-1661 1282 9396 178
-9829 9226 -1282 0
-25 2169 -1556 127
-4473 5412 9601 204
3138 -8932 5190 229
8756 -8126 2480 229
5126 -8903 2581 204
-9832 8964 5136 51
6977 2631 9494 204
2911 -1579 -4302 102
9824 9933 -5863 76
-2107 7612 -4171 229
5822 9898 -3386 229
-5460 -9493 -2708 51
-9033 8522 -9550 0
5062 -3067 -120 178
6074 -2397 -1690 127
9919 9177 -3322 51
-9923 -902 5900 255
-571 764 847 204
4215 -2273 6400 141
-482 452 -9969 76
-9442 -2350 -1686 255
-2096 3537 -463 153
568 4101 648 76
6213 -3915 9664 229
-6049 6990 3046 255
7896 2577 -8811 204
-2435 1657 9623 153
7430 -7498 -5023 0
8495 -2404 5052 204
-72 2053 -6668 76
3049 -1442 -3949 229
-4969 -89 -1159 0
8429 6432 -485 76
-9843 -92 -2378 102
9305 -7997 -7968 0
4953 5864 -3764 0
2167 -8953 -2070 51
5118 -4027 4072 255
5157 8545 -7788 102
-309 -8907 5418 51
-6663 -8966 3981 204
-9194 9563 -8813 76
4094 -7164 -2989 178
-5376 -2837 1468 25
6994 6528 5246 255
-3575 -2788 5807 51
-7873 1683 7613 0
9697 -8653 -5839 170
4556 -26 -3931 76
8519 6247 3364 76
-4206 -9962 7930 127
3320 -712 -2967 76
6484 -1843 -9199 102
684 -9359 -6030 25
8120 -4096 4906 0
2102 2651 413 51
-2915 -7879 7557 25
-4670 3915 7948 76
-6686 9299 -6623 102
3916 6843 -1740 102
2435 -2201 3755 204
5221 689 -2313 255
7340 9848 -1444 102
-6739 -6354 2369 229
-598 4439 4590 229
4176 9215 -5622 204
4084 2953 -1905 127
-485 1305 7239 102
-2433 -9531 -3466 25
-5785 7530 -9247 56
6833 7081 9930 85
3611 -7861 -3316 127
4976 -6608 -374 25
6740 -4391 4579 127
-5544 -302 6995 25
-4254 6031 -349 76
8759 -5133 -548 51
-2077 8169 6301 204
-5502 -8011 1029 0
-5830 2227 -704 76
-2141 -7629 -2788 127
-581 -4409 -5410 0
1534 2925 6371 0
-7577 -296 393 153
-7433 8783 6114 255
3200 -9931 4508 51
-5074 -2068 1468 76
5990 -4606 -1918 25
-197 -2878 -2594 178
-9736 -1961 -1055 153
-2537 1785 -3951 255
-3017 -7735 5661 178
-5088 -4295 -9777 229
9158 -9977 -2396 204
-1935 -8226 -1824 229
-3949 -7513 -7811 255
-234 8037 1765 76
5816 -2897 -7554 153
-9876 57 2419 51
6223 3682 6994 76
-5352 -5052 -4864 255
9565 5047 7826 229
3514 -2969 661 102
-766 -6887 -732 178
9036 -40 -2084 102
-5252 9811 -3632 127
-3914 -9404 -3998 25
-1125 -3344 5938 255
3315 1473 -1594 153
4449 -649 5033 51
1623 -3874 4095 25
2470 4381 -6641 127
-3017 3783 834 0
-2819 1334 -8467 25
-7746 4096 4936 0
9318 2642 2226 255
-5332 602 -1039 153
5868 -1305 -4727 25
7368 4442 412 127
3761 -2048 8059 255
-7910 7178 -3506 51
4098 8415 6865 127
-8956 1250 4911 127
-6609 8413 643 204
-2001 -2782 4904 127
-5129 -3540 5291 178
-6792 2176 -8553 178
-4856 3541 9044 102
-3172 -9575 1833 204
9793 -3773 9112 0
-3541 9073 -2304 153
6002 -6715 -829 25
2577 -8474 -5002 127
6796 3174 -4605 25
-755 -9174 -3190 127
2438 -9151 8329 0
-1810 5935 -2347 25
-5207 -1910 6142 127
9811 31 772 76
-9519 -1214 8625 0
-1359 -6460 230 102
9636 8276 -7338 255
-1772 -2484 5738 204
3076 642 4469 255
1934 -407 4781 102
6057 4266 6298 153
8995 -594 2169 255
-9779 7917 3834 102
2821 7612 8248 0
1253 -5873 -9697 153
2627 -4538 8781 102
3811 -8907 5466 76
-8600 -2890 -3898 255
-3324 -8199 9710 127
2108 8122 -66 51
6416 -7001 -9867 0
5137 4641 -9152 102
404 4054 -88 0
1171 8710 4618 102
1580 153 -2092 127
-942 6604 7452 102
506 1261 -299 255
-855 8397 2341 25
8691 -9415 8130 153
-3628 -2264 -9601 25
5223 2713 9200 0
7923 -9543 -7175 85
4819 -7127 -5295 204
-1208 8158 2743 204
4766 -4703 7736 178
1825 4493 7296 153
-708 -3780 6681 25
5656 1590 2829 102
9931 -1999 -7579 51
2389 -7779 1119 76
-9310 -7203 -6719 255
-424 7760 -2436 51
7218 3348 -2302 229
-1643 -31 3750 204
-7543 -2332 4988 127
-5171 157 -9664 127
-8924 579 2666 0
6833 -1697 -9699 127
5318 -1562 -6996 178
-978 8145 2374 153
-7729 -287 -6318 255
7652 2535 6519 255
2661 -5176 -5169 102
-5826 -7690 -1103 204
-5046 -7427 9401 0
6041 -2022 -9836 0
-3415 -4635 -6693 178
9732 -8732 5819 0
-3477 -1800 6237 255
-3196 -9862 8653 0
-5808 -7177 9279 255
-8262 6549 8452 204
4650 423 -8542 229
-5389 -77 -2937 153
4972 1466 9839 102
5248 -4909 3221 0
8298 9770 -3109 76
3395 -4687 4467 25
6545 -1321 3671 51
-658 9521 -8899 229
-1879 690 7289 153
7508 -5924 -2245 204
-8603 6456 -2341 127
-6066 -5067 -3249 204
795 -1218 400 76
9766 -501 7133 127
-2954 6989 -7272 255
