-5551 -9683 -5119 212
-6218 -3855 2159 104
-4424 -1623 -3042 208
8378 -7029 -6895 177
5950 3167 2331 39
-8919 4052 6626 101
-3386 -109 -3798 143
2129 -1051 -8608 40
-4452 9616 -7414 226
9808 -7790 -7165 84
3191 6446 8799 72
-6136 -3915 460 143
8924 -7137 9437 39
-7044 -9544 6025 236
-1775 9866 8162 179
7576 -3437 -7626 164
-5941 -5581 2920 66
7277 -3110 9611 110
-8771 777 -4960 143
2910 -8259 2859 181
-3164 1370 -6856 15
-7849 3285 3843 17
7179 -4006 -3732 69
3685 3657 -923 164
8972 -4361 3052 36
-8024 5643 -1724 70
-5319 -9135 1299 160
-9294 7030 6170 214
-4005 4911 -346 89
7037 -3933 -7088 208
-2256 -5610 -7531 80
-3780 -1981 -3096 192
-2299 5205 988 165
-7157 3361 610 155
-7666 8224 -3611 190
-132 -1867 1584 15
-5186 -9023 -263 234
8000 -4058 9749 176
-1717 -660 5436 200
6583 2807 4374 179
-274 2858 2514 195
7390 1251 -3804 134
8103 9920 -3850 247
-8433 3833 -2621 120
-9126 5320 -896 142
-4461 2061 2823 182
-2010 -9194 160 94
-4694 -4042 -9708 171
-290 2207 -6169 108
247 2071 -2252 37
-7750 7036 -2500 243
-8697 -9037 1861 34
-8376 -675 -6416 5
-651 1954 9156 231
1943 4727 -9969 138
-5056 -7566 5650 154
4043 -9806 2501 252
-7220 6490 -6348 112
5102 -4497 -219 103
218 3396 3251 171
4601 -2945 5466 98
4696 5656 2896 227
-9636 4877 2090 72
-6937 1650 4128 52
-8808 -4947 -3933 44
-1209 6587 8689 192
4714 2728 -5220 174
-916 -8849 1479 194
-2864 6250 2024 105
4959 -6848 9779 89
-7308 6409 7603 204
-2279 -4251 1197 239
189 7637 1364 255
-3843 -1153 6512 2
759 -4771 3316 215
2361 1656 9969 145
5831 8259 3548 188
3797 1549 6761 239
2971 4425 591 136
306 9871 5592 219
-9269 -6361 8719 227
4721 -5673 -9669 191
5004 -4046 -9505 52
-6425 1553 3025 62
-864 3599 7400 202
6166 3005 -831 12
3036 -3220 -4162 0
2476 5259 7632 163
-2774 3406 -9078 187
5885 -1325 -9037 86
-6571 8411 -5080 56
529 6244 -1876 130
-635 2048 8838 200
-6478 9215 -8470 221
8936 2192 4435 48
5481 -4006 3226 199
8759 -6243 6279 96
-6306 7784 6702 249
-1444 -3773 -1905 137
7770 -5562 9900 153
-4637 1240 -7506 213
2419 4009 8377 209
1805 1687 4120 118
-5287 -1726 1678 88
-3125 -8402 -7673 223
-3944 9983 -9727 56
8742 5190 -8229 127
-9281 -5651 -94 72
-2807 -2796 -9414 184
4230 430 -1628 199
-5760 -5599 -1912 203
4095 -4414 6440 73
-2372 3717 3016 225
3738 -3499 6133 119
3081 890 6036 85
9948 5045 8835 215
2753 5735 -863 183
-1105 5726 280 189
-4341 -7841 -6902 234
971 -5764 -5387 171
8453 9748 -4321 25
4911 -925 -2619 23
4696 -3919 -3488 212
5778 -5431 -6916 10
5864 9904 3657 212
2600 9217 -8744 214
4933 9819 8521 24
657 -5374 262 151
-7758 6615 -4289 235
-2661 -3328 -235 85
2856 -9665 -1694 117
7863 4426 3409 136
2708 9277 -4982 160
-8239 7636 -9183 235
1099 -5858 7723 147
9512 7809 -2341 36
1867 -8522 1339 243
3180 -5244 -2723 99
-4603 5658 2527 40
-5711 2264 -9333 39
-4961 -4098 -9606 137
-4575 2696 8117 134
-298 3676 7838 75
-8229 4519 4709 120
-3318 -8321 3700 111
6364 -4331 -2245 33
-498 -3863 9876 122
-5983 -9875 6270 177
-4850 6550 -7549 240
-6301 -4184 -3891 65
3139 6469 140 136
-2876 8968 9436 175
2534 -1011 -1402 180
1969 1342 -7107 242
765 -9336 656 5
6042 -3672 4747 71
-846 7228 -9548 142
-7572 -208 5513 54
5748 -8685 5873 165
7233 -3252 -3674 46
4666 -1368 -7778 96
-1306 1955 7514 13
-6891 -7216 1589 157
1010 -6050 -246 77
500 -8448 -6504 11
-82 9785 -5879 170
5284 -8362 942 128
-2247 6965 -4046 176
8332 -2163 3054 128
2212 8138 -3116 51
-3683 6794 -3477 255
3958 -6674 -5181 244
674 9191 -9900 92
8281 -5263 946 27
270 -8202 -5590 31
9903 1421 -5557 124
7560 -7178 -1708 105
-5732 8364 -7408 67
1719 3583 6700 118
3084 -5078 2618 64
4295 1142 -6909 128
4321 -7276 -4259 27
5710 4681 6565 133
-943 -6353 -7234 106
1785 -7971 -4525 131
-6329 7531 5162 105
-3326 8637 953 251
-7470 4040 387 107
-7195 6016 4644 110
9445 -7859 3821 112
4154 -9462 -6584 204
411 1852 -2213 55
-8829 6387 943 188
5657 6524 -1250 247
8231 -4369 -3472 134
4196 -7696 7584 89
7259 6050 6088 160
-5034 -5353 -5847 54
9410 8667 -1233 218
-3830 9000 2574 29
7573 -9278 8319 43
9638 -8944 -749 135
4807 1527 4435 173
-8426 8506 -1458 196
7122 6401 8475 75
-1314 -663 851 27
5508 9410 7834 24
1036 5943 9435 194
-7346 6303 1004 0
9128 -7821 -4671 141
8073 4374 -5026 156
1725 -2749 -6910 187
2328 -3765 -6090 149
-1598 -7129 4567 118
-2265 1456 3462 58
5306 927 -9377 12
-6857 -4074 5731 56
4988 -6115 -7777 35
6875 -952 8819 6
-7574 -8398 -6033 203
531 -8287 -758 191
-1813 5287 -7023 72
-1300 5287 8589 253
5076 9239 -6362 61
6633 3388 -2534 29
-6283 727 7990 102
-9865 1982 1227 196
-7004 -8941 -252 223
9795 -745 -8075 115
-6512 -8467 5725 209
-5583 8196 -3740 25
-3168 -6335 9435 184
-6121 -8031 -7452 37
-3089 6849 4618 190
8870 -4872 3723 158
6137 -5513 -2060 166
8142 -2740 3672 236
1690 -1432 -3724 251
-284 5078 -6725 193
4986 5617 -2087 196
-1706 -6525 9118 232
1914 -5653 -2727 169
4362 8460 -2170 109
-2305 -4490 -6040 80
-4299 -5752 7850 97
-4304 4921 -1143 159
-2292 -2760 4636 147
8522 1157 5207 182
-3222 969 -4323 153
-4867 4423 5302 25
-1023 -2684 -9792 200
-3243 2887 145 174
3654 -7452 412 243
-3993 2174 -6632 67
2478 1908 -2837 220
3276 4572 -2095 96
4126 2090 7101 81
-3746 8026 -4449 162
629 6222 -3391 143
-9566 -7333 3803 188
4342 -3722 8845 18
-1352 -76 -3415 180
-9546 -642 -4689 72
5587 5894 -3532 131
-1597 3087 7301 73
4265 -2319 -9102 168
-8754 -1963 -9493 15
9840 -815 -9491 164
-8089 -713 8899 45
6623 1232 5289 88
1282 -87 1856 161
6681 9764 538 76
9708 5915 -7235 178
3910 -9999 -1432 83
-852 6326 -9420 210
9017 8986 8449 78
-4180 -1530 -7369 36
4673 -253 -4609 212
7003 1085 -5876 229
1802 9831 -3654 240
-968 6633 8521 29
1038 2497 4910 191
-203 5264 -883 152
-3274 1930 9265 50
1072 -3275 -9875 189
-6642 -9442 -8530 206
-4781 -8325 7989 132
8183 -5524 5265 250
-4853 -7591 -6470 22
-7603 -9040 -4181 189
2131 -5691 8130 34
-8241 5270 -6 7
-4371 -6763 -8518 231
31 -6071 1385 17
8519 -229 -2793 92
-358 -4155 2000 91
96 -9725 2741 8
-5138 1617 3245 161
663 -5909 -1416 28
4402 5243 -9139 10
2082 1066 -5350 105
-121 3432 -8095 2
-802 5868 -9132 81
-9513 8168 -405 16
8304 1454 3165 36
-6581 -9726 -2419 169
6133 6527 2918 0
7036 -2659 2200 57
9221 -5882 -6013 42
-9604 -533 -4824 106
3923 3952 8320 221
4403 5087 1160 155
-582 -8849 -5826 74
-7878 -2395 9974 63
-6758 -9943 8295 202
-8139 -5668 -8471 174
-5804 -1498 1529 47
-1466 648 -9611 239
-9578 -2772 -5478 148
6430 8442 -5911 134
-1487 7463 -4926 137
-3584 -2801 -7479 59
-762 -6201 -6761 106
-9946 1751 733 136
271 6252 4141 97
8138 151 -3853 225
6113 -5721 -1276 158
7854 -9341 2755 170
-3416 -1698 6585 198
9743 -1492 -2385 202
-9244 -9311 8468 20
5296 207 -4484 6
-7091 -2835 -4183 31
-747 -786 8776 138
-4183 -2793 -1876 70
-4947 -3143 8933 77
-5728 -2400 4929 152
9830 -8854 -1034 208
-3360 -870 3119 250
4536 2857 -4147 205
1654 -3718 -1268 143
-6956 -7898 6998 163
-7918 7431 6425 247
-2698 -7616 -8139 63
5402 -4351 1377 195
1777 4347 2728 118
6904 -8958 -4397 107
-7411 7223 7087 147
-7978 -6863 -158 100
2461 3993 -2258 230
-378 -6478 2640 245
6871 5759 -8203 32
-2470 2975 8286 48
68 8096 -8399 109
8661 -1304 -7267 73
-9306 4958 8996 95
6652 -7786 -8102 29
-2501 1321 -9679 239
-1847 4378 -8072 218
-2486 -977 -6415 197
-15 -3244 -8146 52
684 5963 -6445 8
5276 4646 -4265 204
-7476 4972 5491 196
-4901 2483 -9805 221
-5602 7123 -9056 255
-3982 -5536 -659 234
1660 -2950 -4313 219
6317 -2468 -4740 219
-6842 5558 -3397 19
8840 -3450 -9182 151
-463 762 -9897 252
4211 923 -9666 101
-4756 -2032 8506 95
557 2217 -4878 149
3738 7308 2308 248
-3372 -1401 -2829 49
-8150 -4728 -4024 33
-4450 -325 3974 182
-2397 9050 -5557 168
791 -9838 -187 157
-6039 -3916 5588 9
4996 -9409 8580 248
-9299 3649 -9134 238
-9576 -2854 -9345 163
-9553 2486 5133 116
-9309 9331 7881 218
-5629 -1408 -5130 15
2491 -7789 7990 229
-5033 2427 4046 182
9005 -1044 -8996 214
-9073 4801 -7751 33
1391 -8506 -7689 249
-5613 -3886 7710 6
6677 7680 -4882 98
4001 9005 9062 227
-2167 -9767 1700 97
6240 -9318 6518 89
-158 9706 7257 64
182 -1213 7415 52
-8405 6002 8501 87
1375 747 -600 211
9264 -8455 2354 135
-833 8955 -6129 182
-7127 -1896 1872 241
2775 9934 1329 251
-6129 4266 -3134 67
-2501 4053 -9608 58
7107 -4775 -6224 14
-7320 -7431 -755 180
-1387 -6206 -8179 151
3376 -6024 1191 190
-4398 9298 864 66
-7500 5780 -7720 201
3059 7394 -711 139
-6107 3607 7845 235
8031 -2506 1692 197
2900 5922 1169 242
25 7487 -2437 71
727 -7888 1992 170
4754 -3627 9677 82
1350 -5429 -7299 37
-7147 4735 4311 15
2003 8865 1412 24
-2900 -1587 -877 26
6554 4451 -5936 255
-7209 1219 -8862 65
2863 -3389 9336 142
-4670 6040 5919 54
-8720 626 -4860 158
500 9715 -2230 212
8509 -3468 -7778 118
-8465 -7780 4014 166
2088 2550 -7546 83
-4837 -7842 8120 216
5667 -9097 -8410 77
-9136 -5419 8005 81
6424 7868 -7114 0
3253 -4079 3727 101
-3435 -1960 -5455 2
815 -4319 -5850 120
7064 -6663 -1455 124
3659 -7312 -2372 21
-3919 502 5376 107
4657 3236 4660 15
-7082 -1828 -8761 96
-1486 -3330 5335 20
6428 -3126 5519 121
-3556 -2831 5455 27
-9474 -4371 -9756 166
6291 3788 -265 186
-9648 -7115 -7185 158
-817 -7495 -2707 2
-1516 3202 -7791 44
-4792 3220 8256 140
-563 5719 4411 83
-1117 9204 -2391 36
-4874 3164 1229 235
-5082 -5068 7429 143
9992 -4565 9887 105
3326 9725 98 116
-4377 -5114 3247 50
-8186 -9277 6368 38
8868 55 -2675 27
9506 -5698 6541 209
2810 8636 9199 139
4695 3611 1279 74
4455 -2897 5037 62
9712 6354 -6103 185
-2413 4013 1878 48
-3011 -1916 -2362 249
4356 -3887 715 225
53 -8966 2215 174
6179 -6307 -6116 8
-2906 8520 -5878 148
-7709 -3187 -573 119
-2453 9444 4041 70
6032 6946 9516 60
-3298 7937 -742 106
-2050 -5742 -7659 123
-6870 -9448 -4296 234
-8140 -588 -984 20
-190 -9071 -2479 57
7494 -7933 -7006 179
-2928 -3978 6582 122
3906 -8692 8698 80
-9170 -392 8691 179
-3147 4881 -1468 114
2865 -3665 3170 179
-9101 -1056 -9626 127
-992 -1677 6813 125
-3404 -3751 6792 134
8184 5036 -3447 171
-6830 389 7899 129
-2235 7173 -452 86
-5217 -8905 -6381 128
-8840 6465 3933 245
6581 -9487 -3532 233
1024 2262 -2662 99
3820 -2183 3178 220
3394 3681 -4917 87
7504 9032 -1501 211
4079 -8356 4064 144
6877 -4024 -8705 67
6740 -936 -7243 198
-3094 -7021 8497 191
-138 -9927 -1252 34
9020 -6013 1537 4
359 5141 6883 63
35 2516 -7612 121
4985 -9989 -9085 61
-2487 -7364 73 94
-2099 -2272 -7325 98
3625 1514 1190 21
-6622 7815 -2088 42
6648 168 -85 127
-5336 -336 -3138 244
8025 6432 3089 18
9291 5317 4043 206
-8129 6220 4770 200
8742 -2040 -6387 113
9555 -2993 721 2
-1179 -1362 -191 9
8916 -3811 -4732 233
-4314 9627 9342 186
6548 3139 -9570 3
9467 2094 1316 206
4164 743 -8674 200
-8929 8556 -886 120
-9970 -8757 -5773 111
-2759 4977 3224 35
-7087 -2494 -5100 15
-4450 1334 3109 229
9933 1408 -2253 246
4270 -8397 3537 41
9207 2385 -7977 105
-1431 7070 8728 23
-757 345 -7579 187
907 -1753 -9316 46
7974 -951 203 187
5419 3412 4532 233
1798 -5222 -1776 255
-2456 9593 -3869 39
-7824 7025 3549 38
4354 5779 -7081 163
7358 -4441 -8627 71
-796 3251 -907 59
-7296 -1478 -1952 85
-2871 -2237 -3902 130
1108 -335 5540 151
-1748 9623 3029 243
-9238 -9040 94 140
-7636 -5950 -4334 132
-8687 5436 1052 208
-4706 3442 1379 161
-4674 -7569 1967 250
-8023 -3297 1860 193
7401 9352 -4881 207
-1090 5172 -5971 154
4317 5480 -6139 72
-3344 7960 7092 114
-2924 -5775 9338 111
7541 -859 -8000 59
4671 -3162 1742 204
-5984 -3078 -93 202
1192 -6028 -2079 249
730 9588 7037 120
6649 -1503 6262 55
450 -3970 3506 18
-6591 -48 7474 79
7615 9510 -1926 153
4268 9679 -7152 7
-3203 8723 1043 58
6453 4238 -5736 149
6608 -4937 -3477 227
-867 -3695 9778 15
5208 4790 -8425 14
3436 1780 205 93
1849 7945 -5455 189
67 -8918 -8113 137
4738 8766 -3034 43
2779 -5489 7503 174
3184 1830 -8186 229
2368 -1224 -7272 240
4993 3611 109 34
-8736 -3359 -8272 83
-1031 78 6265 175
1139 3803 -3669 217
-8826 5952 9190 126
5473 1880 -2807 124
-2196 -1975 -2204 179
-2667 -1506 3767 0
1333 1367 -8586 236
5502 948 -7885 33
-3432 -1319 -2999 80
-4633 4118 1665 130
-6024 -2303 -6054 176
4718 -6576 896 227
-8067 2502 4651 89
2658 -4347 5849 68
-8984 5644 -4311 179
-1811 5337 -3818 95
-7291 197 5411 168
4527 825 -6461 183
2048 -4595 230 91
-5858 58 9206 45
1637 -349 -2647 77
-1686 -7184 1169 51
-2069 6580 4875 161
1316 -1164 849 233
9781 -1595 -4433 113
9075 -1584 5713 220
-4440 2137 -8699 241
8432 667 -4665 174
-475 9844 4479 5
-8076 3527 -871 255
-8852 -3611 -3975 218
1175 -9989 6744 186
-5677 -4051 -9550 104
-4221 -445 3489 255
9147 8254 -6710 87
-1412 -1764 -6287 205
-6603 6459 -8584 184
4693 2467 -2750 245
-12 8866 8354 173
-984 2503 3254 186
1654 -5923 8336 211
2688 -1698 -8922 143
-8083 4771 -8436 224
4264 -693 9040 176
8892 -8142 -9194 181
2377 -4349 699 13
7693 3096 2046 166
2793 -5814 -565 190
9126 -6354 -5727 240
-9665 6062 -1176 81
-4106 -7316 -4431 65
5602 -9131 6616 80
3108 5844 9792 230
-6780 379 -2705 234
5669 -8046 -4323 105
8468 -4178 -4164 126
8412 7580 -2813 229
-6151 -1789 -4182 46
-8975 -9305 -991 22
-2502 -9453 -7673 108
9298 4817 -1019 58
-5229 -9598 790 154
-5877 6318 452 132
68 7294 -1140 68
-5145 2372 1339 31
-7733 -6401 1648 118
-1672 7895 -5746 22
8214 -8435 1206 206
-3456 -9454 3052 84
5982 2005 3285 9
-4618 -2819 -6920 117
-6688 9417 -7840 145
7446 3201 1135 103
5773 -7799 -3282 252
-8169 9146 757 221
-4898 2590 -1804 131
4877 -7122 -797 160
-1587 5068 1555 124
2590 -7643 -2543 189
-4541 4292 7259 124
-7036 -4157 -8672 148
-4568 -4517 -3946 124
-4185 3407 -9968 0
-8967 3703 4562 48
-2508 -5701 -5805 197
-6428 -4492 8092 207
4186 1417 9243 170
-6042 852 -1135 210
3855 -636 -2348 158
7514 -5778 4288 25
3405 7509 -67 52
1161 -9293 254 68
7602 -5034 -777 88
-5521 -1156 4141 75
-6460 8936 -3874 14
2165 -9605 -4448 40
-2566 -5960 9759 63
-336 7675 -3393 123
-6662 -4481 8271 59
-6987 9742 -2869 165
3696 4406 5365 106
1529 -8109 3140 222
2992 1571 -5330 102
3335 9577 -9973 200
2708 -3394 -6372 56
-1737 1871 -6090 41
-1867 890 -2486 0
-285 2889 -7545 128
1371 -9813 1848 66
-9761 -2895 4476 34
-7693 -8072 -4011 111
2757 8059 -6106 21
8325 -1744 -3845 147
-4899 1702 4071 110
2918 5408 -763 3
-976 4475 -3100 6
2699 -6008 1142 183
9773 -2348 -1247 255
-4212 -7997 6610 198
-2932 -9489 -3162 255
-5301 2842 6348 227
7278 -1799 2862 0
-6655 7717 2644 85
-6550 5999 3543 95
-3609 -5401 -9218 111
-9533 6178 1634 241
4017 7029 -5999 102
-1208 6288 6924 112
-5317 -97 3630 225
-3640 -8008 -7837 189
2405 5763 -5309 142
-7892 4723 8340 21
-1975 -7668 -4730 237
6280 -7701 6829 174
-3348 -5126 -9140 91
-1667 4045 -7063 156
6392 -740 2343 29
5281 -5598 3956 163
5873 5339 -2101 149
-2399 -5353 -2716 223
-20 -6982 -9063 51
3641 -3757 -2451 63
-2416 5661 -8886 204
-8151 -2242 1174 211
9637 2755 4482 91
5672 9699 -8331 236
6302 1183 3657 197
6572 1525 6699 130
6887 -1835 -2275 174
-3320 -7443 3828 161
8448 9406 -8902 91
-1952 7647 6323 81
5585 1472 4445 36
-6246 7341 5591 77
6610 2584 5511 142
5654 2632 3098 160
-6024 -159 7258 175
-6521 -6939 4266 243
-8921 -3084 107 28
-8126 3552 4079 237
-8575 9151 5748 1
-6547 -3781 3059 11
9069 647 -9325 250
-1579 5848 8468 153
-5057 5792 -8108 67
843 -1767 -3919 227
-9136 -2698 7653 159
5330 3780 2729 200
-36 9490 3675 153
-1349 -4728 -3083 240
7171 -6922 -3664 223
2124 -433 2467 62
-7589 9805 7072 169
5074 -7560 5676 22
4568 -1696 -5881 54
-2745 9442 -7568 218
-6387 -4262 -5016 150
-1053 7312 6161 138
3429 335 -4583 202
7279 2919 7860 30
336 9502 -5651 103
-4575 -4770 6930 232
3060 -4396 -5438 240
-9527 -8124 -5448 96
-7627 8588 -732 33
-905 45 -34 111
5842 7609 1252 118
-5936 9702 3794 128
-6082 5241 7315 42
3345 8764 39 18
7174 -1700 -6617 130
-9369 8904 -2878 198
7441 3323 9095 27
-4607 -1275 -6636 0
-1494 -2189 6490 100
-8449 9248 1837 241
-5874 3179 -104 145
-3704 6241 -4245 81
1807 1340 -3660 40
8160 2336 3541 69
-1661 1282 9396 173
-9829 9226 -1282 11
-25 2169 -1556 90
-4473 5412 9601 225
3138 -8932 5190 213
8756 -8126 2480 192
5126 -8903 2581 238
-9832 8964 5136 60
6977 2631 9494 185
2911 -1579 -4302 92
9824 9933 -5863 80
-2107 7612 -4171 207
5822 9898 -3386 236
-5460 -9493 -2708 126
-9033 8522 -9550 5
5062 -3067 -120 156
6074 -2397 -1690 67
9919 9177 -3322 54
-9923 -902 5900 218
-571 764 847 214
4215 -2273 6400 107
-482 452 -9969 75
-9442 -2350 -1686 226
-2096 3537 -463 115
568 4101 648 65
6213 -3915 9664 232
-6049 6990 3046 210
7896 2577 -8811 193
-2435 1657 9623 144
7430 -7498 -5023 6
8495 -2404 5052 202
-72 2053 -6668 43
3049 -1442 -3949 248
-4969 -89 -1159 23
8429 6432 -485 94
-9843 -92 -2378 135
9305 -7997 -7968 6
4953 5864 -3764 47
2167 -8953 -2070 45
5118 -4027 4072 236
5157 8545 -7788 65
-309 -8907 5418 59
-6663 -8966 3981 220
-9194 9563 -8813 126
4094 -7164 -2989 193
-5376 -2837 1468 13
6994 6528 5246 218
-3575 -2788 5807 93
-7873 1683 7613 21
9697 -8653 -5839 141
4556 -26 -3931 82
8519 6247 3364 109
-4206 -9962 7930 150
3320 -712 -2967 80
6484 -1843 -9199 94
684 -9359 -6030 25
8120 -4096 4906 22
2102 2651 413 49
-2915 -7879 7557 40
-4670 3915 7948 68
-6686 9299 -6623 100
3916 6843 -1740 83
2435 -2201 3755 117
5221 689 -2313 248
7340 9848 -1444 112
-6739 -6354 2369 245
-598 4439 4590 212
4176 9215 -5622 167
4084 2953 -1905 167
-485 1305 7239 142
-2433 -9531 -3466 42
-5785 7530 -9247 154
6833 7081 9930 60
3611 -7861 -3316 145
4976 -6608 -374 94
6740 -4391 4579 149
-5544 -302 6995 27
-4254 6031 -349 98
8759 -5133 -548 16
-2077 8169 6301 165
-5502 -8011 1029 0
-5830 2227 -704 124
-2141 -7629 -2788 71
-581 -4409 -5410 17
1534 2925 6371 45
-7577 -296 393 91
-7433 8783 6114 255
3200 -9931 4508 124
-5074 -2068 1468 86
5990 -4606 -1918 52
-197 -2878 -2594 209
-9736 -1961 -1055 171
-2537 1785 -3951 195
-3017 -7735 5661 186
-5088 -4295 -9777 195
9158 -9977 -2396 221
-1935 -8226 -1824 163
-3949 -7513 -7811 243
-234 8037 1765 36
5816 -2897 -7554 153
-9876 57 2419 68
6223 3682 6994 69
-5352 -5052 -4864 247
9565 5047 7826 239
3514 -2969 661 151
-766 -6887 -732 146
9036 -40 -2084 160
-5252 9811 -3632 56
-3914 -9404 -3998 54
-1125 -3344 5938 252
3315 1473 -1594 208
4449 -649 5033 42
1623 -3874 4095 50
2470 4381 -6641 120
-3017 3783 834 33
-2819 1334 -8467 18
-7746 4096 4936 3
9318 2642 2226 245
-5332 602 -1039 182
5868 -1305 -4727 18
7368 4442 412 51
3761 -2048 8059 255
-7910 7178 -3506 28
4098 8415 6865 94
-8956 1250 4911 81
-6609 8413 643 177
-2001 -2782 4904 138
-5129 -3540 5291 147
-6792 2176 -8553 215
-4856 3541 9044 101
-3172 -9575 1833 177
9793 -3773 9112 9
-3541 9073 -2304 134
6002 -6715 -829 48
2577 -8474 -5002 114
6796 3174 -4605 123
-755 -9174 -3190 60
2438 -9151 8329 6
-1810 5935 -2347 47
-5207 -1910 6142 113
9811 31 772 151
-9519 -1214 8625 4
-1359 -6460 230 88
9636 8276 -7338 222
-1772 -2484 5738 216
3076 642 4469 245
1934 -407 4781 124
6057 4266 6298 154
8995 -594 2169 251
-9779 7917 3834 169
2821 7612 8248 12
1253 -5873 -9697 155
2627 -4538 8781 117
3811 -8907 5466 80
-8600 -2890 -3898 226
-3324 -8199 9710 127
2108 8122 -66 46
6416 -7001 -9867 0
5137 4641 -9152 43
404 4054 -88 18
1171 8710 4618 103
1580 153 -2092 146
-942 6604 7452 95
506 1261 -299 223
-855 8397 2341 13
8691 -9415 8130 130
-3628 -2264 -9601 57
5223 2713 9200 3
7923 -9543 -7175 82
4819 -7127 -5295 195
-1208 8158 2743 206
4766 -4703 7736 140
1825 4493 7296 121
-708 -3780 6681 36
5656 1590 2829 54
9931 -1999 -7579 75
2389 -7779 1119 137
-9310 -7203 -6719 255
-424 7760 -2436 84
7218 3348 -2302 182
-1643 -31 3750 207
-7543 -2332 4988 70
-5171 157 -9664 101
-8924 579 2666 9
6833 -1697 -9699 109
5318 -1562 -6996 136
-978 8145 2374 149
-7729 -287 -6318 228
7652 2535 6519 255
2661 -5176 -5169 120
-5826 -7690 -1103 214
-5046 -7427 9401 34
6041 -2022 -9836 48
-3415 -4635 -6693 117
9732 -8732 5819 32
-3477 -1800 6237 234
-3196 -9862 8653 22
-5808 -7177 9279 223
-8262 6549 8452 216
4650 423 -8542 242
-5389 -77 -2937 192
4972 1466 9839 97
5248 -4909 3221 11
8298 9770 -3109 69
3395 -4687 4467 52
6545 -1321 3671 48
-658 9521 -8899 229
-1879 690 7289 170
7508 -5924 -2245 170
-8603 6456 -2341 173
-6066 -5067 -3249 163
795 -1218 400 31
9766 -501 7133 127
-2954 6989 -7272 246
